-999.1905
-998.9986
-997.0213
-993.2045
-989.7821
-982.9903
-982.1359
-981.3484
-979.8630
-979.7453
-977.0374
-976.4329
-975.5725
-973.8473
-969.6374
-965.1947
-962.2883
-961.3469
-957.2107
-956.1405
-952.2127
-951.9546
-950.8051
-949.2102
-947.5790
-945.2093
-943.0992
-942.7855
-941.2360
-940.8053
-938.1830
-937.1169
-933.2921
-932.1436
-930.9789
-928.2798
-926.1864
-926.0258
-923.9697
-923.3039
-921.3795
-920.9668
-920.0472
-916.7250
-916.1263
-914.8206
-911.1387
-907.3324
-900.0481
-899.2039
-898.8609
-897.1639
-896.4889
-889.3968
-888.6977
-887.1624
-885.4313
-883.7016
-883.5233
-881.2162
-880.0013
-879.8241
-875.4816
-872.2001
-870.9133
-868.6597
-868.5137
-866.7909
-866.6552
-859.3967
-858.2966
-853.5152
-843.2665
-843.1400
-843.0873
-841.0369
-837.3957
-837.2365
-835.6982
-835.5958
-834.0583
-832.1918
-831.8229
-830.8021
-829.0209
-828.2833
-826.2675
-823.6817
-822.2140
-822.0947
-822.0186
-816.9519
-816.4473
-815.4050
-814.0814
-812.2228
-812.0893
-809.6960
-808.8710
-807.9286
-806.5069
-806.1552
-804.4917
-803.6791
-802.0460
-801.6461
-801.4075
-801.0552
-799.1249
-798.4116
-796.3466
-795.9420
-795.7143
-794.4211
-789.5245
-787.4087
-784.5665
-782.2982
-781.9518
-780.9691
-780.4448
-779.4620
-775.5608
-774.1177
-772.2392
-772.0994
-771.5004
-769.2359
-766.2692
-764.0064
-760.2913
-759.1500
-758.0871
-753.8005
-753.1561
-750.2355
-749.6170
-746.6565
-744.7299
-739.6201
-734.8385
-733.0362
-730.8378
-728.6237
-727.9205
-725.3499
-725.0183
-724.8827
-724.6060
-723.7797
-722.5642
-721.6968
-718.4482
-715.7561
-715.4768
-713.0755
-704.8365
-696.7970
-687.8229
-684.8722
-684.7072
-684.1398
-681.4952
-681.3669
-679.1973
-676.0867
-674.8586
-674.8203
-674.2285
-670.8810
-666.0955
-661.1415
-658.0904
-656.5144
-655.8053
-655.5168
-654.2771
-650.1906
-650.1863
-649.5058
-644.3105
-641.7819
-640.1843
-637.8632
-635.9567
-633.9139
-632.0508
-629.1827
-628.2062
-627.1487
-626.4717
-625.3947
-623.9634
-623.0475
-621.2959
-616.2819
-615.0559
-613.4967
-607.6184
-602.2373
-600.6336
-600.2575
-599.4794
-598.5908
-595.6080
-595.5661
-595.3384
-593.3603
-590.3565
-588.5604
-588.1243
-582.8149
-579.7483
-578.9252
-577.1943
-576.3506
-576.2121
-571.4688
-567.5444
-566.7894
-565.0523
-564.5798
-564.0292
-563.7059
-560.6800
-559.0894
-556.6600
-552.5491
-549.4265
-549.2935
-540.8919
-539.4766
-536.4268
-535.4833
-532.9469
-532.4167
-529.5583
-528.7194
-527.7169
-527.5991
-524.4645
-523.5078
-523.3539
-519.2132
-518.4598
-511.8825
-510.7398
-510.5834
-505.9347
-504.5780
-496.9848
-496.7999
-494.4542
-494.2616
-494.2533
-493.7608
-489.3507
-486.5820
-484.2978
-483.2691
-482.1508
-479.6296
-472.4330
-471.5244
-468.5882
-466.3940
-462.7187
-461.0857
-461.0056
-460.4859
-459.1537
-457.1113
-455.8743
-453.3942
-452.6573
-450.8581
-449.3519
-449.2407
-445.3028
-443.9658
-443.8224
-443.7652
-443.1332
-441.2094
-440.3595
-440.2022
-438.7061
-438.5959
-435.5558
-435.2593
-432.2630
-426.5117
-425.6094
-425.0623
-423.1454
-420.9878
-418.4514
-417.6615
-415.9304
-415.7729
-415.6007
-415.5898
-413.2402
-413.1482
-410.8616
-410.0792
-406.3527
-404.7809
-402.0937
-401.6876
-398.9055
-396.8198
-393.2770
-392.0145
-391.5197
-390.5822
-387.6034
-381.8773
-379.7269
-375.9902
-372.9794
-367.7074
-365.7701
-364.4852
-363.0506
-358.6117
-358.0264
-355.7914
-352.6164
-350.0610
-347.9198
-346.8182
-343.3909
-341.6099
-341.3958
-340.1192
-338.1501
-334.1579
-332.6635
-332.4590
-328.4094
-327.3090
-325.8291
-323.4727
-319.9830
-315.6380
-312.1206
-310.2628
-309.1702
-306.6705
-306.5724
-303.9526
-302.4793
-302.1819
-292.5343
-291.6700
-291.4060
-289.1241
-288.7797
-288.4273
-288.0771
-287.4424
-287.2174
-283.6883
-283.6496
-281.4345
-281.4223
-279.9789
-279.4103
-276.2664
-275.8325
-275.1183
-273.3808
-273.2228
-270.7881
-270.5878
-264.2590
-263.2540
-261.9749
-261.3228
-256.2379
-251.8070
-248.2547
-248.0454
-247.8105
-244.9550
-244.6251
-243.4691
-243.3248
-242.3287
-239.1686
-238.3388
-236.8120
-235.1574
-233.4332
-225.8196
-223.2357
-220.2310
-219.7752
-219.4214
-218.5787
-217.9940
-216.4800
-215.9236
-211.4681
-210.6586
-208.1431
-204.4901
-203.9447
-194.4167
-194.0160
-193.9380
-191.0402
-184.8522
-177.9202
-173.5044
-173.4448
-173.0463
-171.3493
-168.6479
-167.0978
-163.1034
-161.7466
-161.5130
-160.0497
-158.8297
-157.9632
-157.4377
-157.2118
-157.1468
-156.9162
-156.8394
-156.7793
-154.7478
-153.3964
-153.3500
-153.2456
-151.2799
-150.6718
-147.8297
-146.6970
-145.7252
-144.3211
-143.9731
-143.7563
-138.1425
-137.7342
-137.2035
-131.9417
-129.8716
-128.4010
-123.2878
-119.8641
-119.0960
-118.5165
-118.2250
-117.7399
-112.4614
-108.7674
-106.1013
-102.6725
-102.2678
-100.5679
-97.3626
-95.1104
-90.2802
-88.2586
-88.0605
-88.0538
-87.1211
-84.9314
-78.6486
-76.3752
-73.8720
-70.5306
-68.1824
-65.4368
-58.9106
-53.2584
-51.5562
-50.7358
-49.6914
-49.4245
-46.6517
-45.8406
-45.1174
-43.9596
-43.6881
-43.3482
-41.3309
-40.3076
-39.3207
-38.5458
-37.0056
-35.3031
-29.9591
-28.8273
-23.8157
-20.3363
-19.8577
-19.1353
-16.0304
-14.7384
-7.3663
-5.9884
-4.1851
-2.7797
1.3008
1.7513
3.7596
5.0177
6.7255
7.1173
8.7459
9.8451
18.5068
22.6227
26.4375
30.0822
30.3950
33.4886
33.5964
36.1934
36.9644
37.2896
37.9682
38.9904
39.4265
39.7494
41.6707
49.1119
49.5386
51.8842
52.7985
56.4293
59.3323
68.7209
69.2581
71.1276
72.1180
72.6950
74.8468
78.9113
85.5503
86.2212
86.3392
87.5830
91.6065
92.4946
93.0361
97.4445
98.0024
98.3001
101.0857
102.1533
103.3009
105.4326
105.9362
110.6127
112.0303
113.6970
119.1365
120.3947
122.6821
122.6969
124.7778
126.5808
129.7709
131.4676
132.4640
133.7284
135.0583
135.9151
138.7956
142.1297
145.7924
148.6037
149.3701
152.0824
154.9473
155.0303
156.0818
157.0369
157.7552
159.6466
163.4590
164.9203
166.0883
168.1105
171.3043
171.9341
176.8628
178.6085
185.1935
187.2348
188.8533
189.3062
194.2300
196.4082
198.7149
200.1922
200.2125
200.7348
203.9452
204.9991
207.4693
210.3690
213.6411
214.4376
217.7308
218.0404
225.6789
228.7117
229.4871
232.2637
234.6264
244.4127
245.9564
250.3930
252.8767
253.7594
255.1732
256.3257
257.2269
258.4121
261.9822
262.4403
267.2698
267.4427
268.8547
269.3478
269.5260
270.3389
270.9997
273.6549
275.2673
275.4937
275.6712
276.2225
276.2762
277.6904
281.4247
281.6275
282.8684
284.4428
284.8685
288.6939
290.2545
290.9432
291.1270
293.6608
293.6998
294.2526
295.5187
295.6940
296.6968
301.9220
303.6584
305.3065
306.5921
308.1388
308.7823
311.2489
311.2969
311.6565
313.2761
315.9726
319.3866
319.5307
320.0746
324.7609
326.7549
329.1653
329.3337
332.3080
335.5047
336.5282
336.5615
337.1974
338.2163
341.9751
343.7394
349.6631
354.7209
355.3834
356.5636
357.5229
358.2252
359.2266
362.6547
366.8490
369.7842
370.7174
373.7005
377.4154
382.9094
385.9578
388.2948
389.6330
390.9926
391.1457
396.0994
396.2159
398.7391
400.6457
401.2031
401.2171
401.6913
404.7487
405.3719
405.8742
406.3173
410.0988
410.5796
412.7078
412.7363
417.0631
417.3777
418.0249
421.6136
422.3730
423.8952
424.3969
424.8676
425.1998
426.6019
432.1836
434.6842
435.6914
437.4539
438.6178
440.0706
441.6816
441.8991
443.0839
444.6130
444.6701
445.1349
445.3400
446.5756
448.0561
448.8899
448.9423
449.2727
449.6861
450.9185
451.0837
451.7377
453.6615
454.5639
456.1656
456.1769
457.1215
466.5508
466.6891
469.7353
473.6144
475.0352
479.6183
480.2644
482.2998
485.3064
486.0526
486.9118
489.6205
490.7089
491.4617
496.4131
504.4376
505.1284
518.8446
521.0960
522.1639
523.5723
524.6991
525.0563
530.8357
537.1223
539.5464
543.0279
544.0068
546.5124
546.7056
546.9747
547.3345
549.7022
553.2014
553.7729
553.9801
560.7254
566.1494
566.3746
568.1100
568.5308
569.5845
569.9200
569.9345
570.9399
573.7299
574.6886
574.9608
577.0096
577.1100
579.1954
580.3875
580.3926
586.4625
587.4914
588.7898
598.0406
598.9353
599.8255
602.5379
606.7333
606.9903
607.0829
607.4351
615.8209
617.8129
618.5366
619.0353
621.4049
622.9164
629.0572
637.3432
637.3943
638.0949
638.5323
638.9106
639.6561
642.1655
642.4258
644.4372
646.0100
647.8871
651.8065
655.4916
660.4835
661.9511
662.8717
668.8073
669.0335
671.0670
672.7399
675.1169
677.1851
679.3622
679.7382
681.2277
683.7392
691.5733
693.7150
699.8826
702.3289
704.6779
708.4029
713.4362
715.7818
717.4067
717.5211
718.3448
718.7015
722.0459
722.2949
723.7629
724.3376
732.8840
733.8696
734.4682
735.8674
736.1520
737.0821
737.7918
741.7139
745.1803
746.1293
746.2064
746.8338
748.1735
750.8382
752.5098
754.8925
757.9288
759.8307
763.8281
765.2121
766.8456
769.3380
769.5324
778.3818
778.9593
779.0606
779.1998
787.0703
790.9159
791.6922
792.0530
796.0353
797.3998
799.2562
799.9649
803.6388
803.7156
805.2727
807.8207
810.3942
812.9954
818.4557
819.4204
821.6754
825.0331
828.0281
832.2798
833.2986
833.9527
838.0870
838.7779
838.9027
841.9665
845.3140
849.9345
851.3394
853.6195
861.3129
861.5262
862.0154
862.1848
865.1685
866.0268
866.8325
867.7918
869.6987
871.0472
873.1899
874.3043
877.8879
878.3374
880.7799
883.8571
884.4802
884.6636
886.6148
888.0318
889.5447
890.1650
891.1664
892.2268
900.5692
902.1292
902.2477
905.4580
905.7060
910.9027
911.3318
919.7353
921.9668
926.8652
928.1158
930.2142
933.4203
933.8843
933.9755
935.0119
935.4549
937.9432
938.1501
938.2151
938.5831
941.4647
941.9295
948.6650
950.0601
953.1057
955.5161
956.8667
956.9392
958.9280
960.9124
961.1750
962.0596
962.9782
964.4581
966.8958
967.7307
968.8959
972.5073
973.0757
975.1858
978.1645
978.2370
979.0992
979.9238
982.1756
983.6699
984.1665
984.3263
986.7688
987.1902
992.5582
997.3448
