0.000	0.085
0.001	0.036
0.002	0.196
0.003	0.262
0.004	0.352
0.005	0.233
0.006	0.327
0.007	0.493
0.008	0.426
0.009	0.549
0.010	0.582
0.011	0.670
0.012	0.651
0.013	0.732
0.014	0.884
0.015	0.913
0.016	0.878
0.017	0.931
0.018	0.815
0.019	0.957
0.020	0.830
0.021	0.904
0.022	0.892
0.023	1.068
0.024	0.912
0.025	0.975
0.026	0.905
0.027	0.894
0.028	1.107
0.029	0.898
0.030	0.954
0.031	1.015
0.032	0.933
0.033	0.825
0.034	0.879
0.035	0.815
0.036	0.769
0.037	0.847
0.038	0.633
0.039	0.705
0.040	0.594
0.041	0.603
0.042	0.457
0.043	0.524
0.044	0.314
0.045	0.272
0.046	0.326
0.047	0.292
0.048	0.018
0.049	0.175
0.050	0.006
0.051	-0.166
0.052	-0.202
0.053	-0.147
0.054	-0.151
0.055	-0.347
0.056	-0.477
0.057	-0.546
0.058	-0.492
0.059	-0.645
0.060	-0.653
0.061	-0.520
0.062	-0.584
0.063	-0.641
0.064	-0.829
0.065	-0.799
0.066	-0.876
0.067	-0.811
0.068	-0.902
0.069	-0.888
0.070	-0.943
0.071	-1.084
0.072	-0.998
0.073	-0.884
0.074	-0.890
0.075	-0.945
0.076	-1.052
0.077	-0.932
0.078	-0.947
0.079	-1.005
0.080	-0.904
0.081	-1.013
0.082	-0.920
0.083	-0.781
0.084	-0.762
0.085	-0.851
0.086	-0.838
0.087	-0.631
0.088	-0.722
0.089	-0.591
0.090	-0.474
0.091	-0.514
0.092	-0.442
0.093	-0.336
0.094	-0.383
0.095	-0.203
0.096	-0.274
0.097	-0.109
0.098	-0.079
0.099	0.040
0.100	-0.004
0.101	-0.008
0.102	0.238
0.103	0.292
0.104	0.161
0.105	0.404
0.106	0.403
0.107	0.409
0.108	0.512
0.109	0.481
0.110	0.659
0.111	0.589
0.112	0.671
0.113	0.660
0.114	0.692
0.115	0.753
0.116	0.858
0.117	0.855
0.118	0.822
0.119	1.031
0.120	0.852
0.121	0.875
0.122	0.981
0.123	1.057
0.124	1.119
0.125	1.109
0.126	1.044
0.127	0.963
0.128	1.045
0.129	0.936
0.130	0.900
0.131	0.863
0.132	0.926
0.133	0.812
0.134	0.757
0.135	0.867
0.136	0.677
0.137	0.802
0.138	0.601
0.139	0.699
0.140	0.481
0.141	0.648
0.142	0.370
0.143	0.431
0.144	0.287
0.145	0.244
0.146	0.323
0.147	0.246
0.148	0.164
0.149	0.180
0.150	0.035
0.151	0.002
0.152	-0.227
0.153	-0.279
0.154	-0.244
0.155	-0.414
0.156	-0.476
0.157	-0.500
0.158	-0.491
0.159	-0.456
0.160	-0.569
0.161	-0.574
0.162	-0.797
0.163	-0.815
0.164	-0.646
0.165	-0.883
0.166	-0.747
0.167	-0.970
0.168	-0.780
0.169	-1.041
0.170	-0.858
0.171	-1.076
0.172	-1.106
0.173	-0.886
0.174	-0.975
0.175	-1.080
0.176	-1.082
0.177	-1.019
0.178	-0.879
0.179	-0.889
0.180	-0.986
0.181	-0.917
0.182	-0.885
0.183	-0.888
0.184	-0.797
0.185	-0.909
0.186	-0.763
0.187	-0.665
0.188	-0.733
0.189	-0.514
0.190	-0.569
0.191	-0.441
0.192	-0.420
0.193	-0.394
0.194	-0.484
0.195	-0.247
0.196	-0.165
0.197	-0.081
0.198	-0.032
0.199	0.020
0.200	0.120
0.201	0.124
0.202	0.226
0.203	0.308
0.204	0.290
0.205	0.308
0.206	0.284
0.207	0.508
0.208	0.579
0.209	0.430
0.210	0.625
0.211	0.574
0.212	0.717
0.213	0.661
0.214	0.821
0.215	0.763
0.216	0.802
0.217	0.809
0.218	0.798
0.219	0.963
0.220	0.882
0.221	1.006
0.222	0.985
0.223	1.110
0.224	0.943
0.225	1.012
0.226	1.053
0.227	0.895
0.228	0.975
0.229	0.992
0.230	1.062
0.231	0.918
0.232	0.864
0.233	0.963
0.234	0.828
0.235	0.685
0.236	0.732
0.237	0.754
0.238	0.768
0.239	0.571
0.240	0.632
0.241	0.532
0.242	0.477
0.243	0.377
0.244	0.421
0.245	0.230
0.246	0.279
0.247	0.073
0.248	0.104
0.249	0.112
0.250	0.043
0.251	-0.028
0.252	-0.164
0.253	-0.266
0.254	-0.221
0.255	-0.277
0.256	-0.310
0.257	-0.469
0.258	-0.422
0.259	-0.610
0.260	-0.483
0.261	-0.591
0.262	-0.646
0.263	-0.790
0.264	-0.762
0.265	-0.912
0.266	-0.904
0.267	-0.782
0.268	-0.858
0.269	-1.031
0.270	-1.048
0.271	-1.003
0.272	-0.963
0.273	-0.969
0.274	-0.956
0.275	-1.053
0.276	-0.929
0.277	-1.045
0.278	-1.025
0.279	-1.046
0.280	-0.830
0.281	-1.054
0.282	-0.823
0.283	-0.918
0.284	-0.922
0.285	-0.825
0.286	-0.656
0.287	-0.624
0.288	-0.618
0.289	-0.588
0.290	-0.682
0.291	-0.489
0.292	-0.511
0.293	-0.357
0.294	-0.257
0.295	-0.205
0.296	-0.158
0.297	-0.261
0.298	-0.052
0.299	-0.051
0.300	-0.051
0.301	0.164
0.302	0.228
0.303	0.281
0.304	0.248
0.305	0.328
0.306	0.284
0.307	0.369
0.308	0.573
0.309	0.534
0.310	0.579
0.311	0.725
0.312	0.684
0.313	0.677
0.314	0.691
0.315	0.855
0.316	0.901
0.317	0.786
0.318	0.931
0.319	0.928
0.320	1.036
0.321	1.025
0.322	0.902
0.323	0.923
0.324	0.998
0.325	0.905
0.326	0.908
0.327	0.957
0.328	0.938
0.329	1.077
0.330	1.053
0.331	0.960
0.332	0.989
0.333	0.956
0.334	0.843
0.335	0.768
0.336	0.744
0.337	0.769
0.338	0.712
0.339	0.577
0.340	0.501
0.341	0.429
0.342	0.384
0.343	0.463
0.344	0.334
0.345	0.256
0.346	0.207
0.347	0.085
0.348	0.107
0.349	0.171
0.350	0.021
0.351	-0.121
0.352	-0.086
0.353	-0.122
0.354	-0.252
0.355	-0.395
0.356	-0.272
0.357	-0.394
0.358	-0.477
0.359	-0.609
0.360	-0.573
0.361	-0.656
0.362	-0.602
0.363	-0.755
0.364	-0.834
0.365	-0.853
0.366	-0.787
0.367	-0.842
0.368	-0.784
0.369	-0.970
0.370	-0.852
0.371	-1.060
0.372	-1.005
0.373	-1.116
0.374	-0.927
0.375	-0.931
0.376	-1.050
0.377	-1.088
0.378	-0.891
0.379	-0.913
0.380	-1.064
0.381	-0.943
0.382	-0.783
0.383	-0.824
0.384	-0.917
0.385	-0.816
0.386	-0.679
0.387	-0.830
0.388	-0.785
0.389	-0.667
0.390	-0.637
0.391	-0.497
0.392	-0.404
0.393	-0.518
0.394	-0.480
0.395	-0.421
0.396	-0.259
0.397	-0.117
0.398	-0.077
0.399	-0.077
0.400	-0.095
0.401	0.085
0.402	0.145
0.403	0.195
0.404	0.272
0.405	0.274
0.406	0.319
0.407	0.523
0.408	0.476
0.409	0.453
0.410	0.615
0.411	0.644
0.412	0.714
0.413	0.753
0.414	0.704
0.415	0.891
0.416	0.737
0.417	0.776
0.418	1.011
0.419	0.847
0.420	0.946
0.421	0.900
0.422	1.064
0.423	0.940
0.424	0.962
0.425	1.095
0.426	0.959
0.427	1.071
0.428	1.022
0.429	0.853
0.430	0.890
0.431	0.999
0.432	0.936
0.433	0.960
0.434	0.796
0.435	0.739
0.436	0.695
0.437	0.757
0.438	0.587
0.439	0.681
0.440	0.658
0.441	0.591
0.442	0.407
0.443	0.401
0.444	0.322
0.445	0.293
0.446	0.181
0.447	0.159
0.448	0.134
0.449	-0.024
0.450	0.014
0.451	-0.184
0.452	-0.155
0.453	-0.217
0.454	-0.297
0.455	-0.250
0.456	-0.428
0.457	-0.388
0.458	-0.469
0.459	-0.431
0.460	-0.541
0.461	-0.560
0.462	-0.635
0.463	-0.776
0.464	-0.734
0.465	-0.933
0.466	-0.836
0.467	-0.790
0.468	-0.875
0.469	-0.894
0.470	-0.946
0.471	-0.993
0.472	-1.017
0.473	-0.937
0.474	-0.923
0.475	-0.956
0.476	-1.085
0.477	-1.109
0.478	-1.091
0.479	-0.922
0.480	-1.029
0.481	-0.900
0.482	-0.855
0.483	-0.859
0.484	-0.969
0.485	-0.933
0.486	-0.819
0.487	-0.789
0.488	-0.646
0.489	-0.548
0.490	-0.667
0.491	-0.575
0.492	-0.440
0.493	-0.331
0.494	-0.330
0.495	-0.356
0.496	-0.152
0.497	-0.266
0.498	-0.211
0.499	-0.062
0.500	0.082
0.501	0.107
0.502	0.226
0.503	0.110
0.504	0.222
0.505	0.361
0.506	0.460
0.507	0.438
0.508	0.541
0.509	0.644
0.510	0.521
0.511	0.744
0.512	0.697
0.513	0.837
0.514	0.769
0.515	0.822
0.516	0.954
0.517	0.951
0.518	0.983
0.519	0.953
0.520	0.990
0.521	1.092
0.522	1.091
0.523	0.948
0.524	1.092
0.525	1.022
0.526	1.032
0.527	1.057
0.528	1.051
0.529	1.042
0.530	0.892
0.531	0.956
0.532	0.897
0.533	0.793
0.534	0.918
0.535	0.900
0.536	0.864
0.537	0.770
0.538	0.663
0.539	0.665
0.540	0.612
0.541	0.572
0.542	0.491
0.543	0.338
0.544	0.388
0.545	0.192
0.546	0.299
0.547	0.192
0.548	0.208
0.549	0.067
0.550	-0.097
0.551	-0.065
0.552	-0.123
0.553	-0.300
0.554	-0.170
0.555	-0.338
0.556	-0.334
0.557	-0.438
0.558	-0.571
0.559	-0.558
0.560	-0.651
0.561	-0.661
0.562	-0.805
0.563	-0.675
0.564	-0.752
0.565	-0.731
0.566	-0.824
0.567	-0.890
0.568	-0.910
0.569	-0.806
0.570	-1.061
0.571	-1.075
0.572	-0.947
0.573	-0.968
0.574	-1.067
0.575	-1.070
0.576	-0.965
0.577	-0.886
0.578	-0.923
0.579	-0.978
0.580	-0.966
0.581	-0.842
0.582	-0.792
0.583	-0.764
0.584	-0.745
0.585	-0.742
0.586	-0.812
0.587	-0.720
0.588	-0.755
0.589	-0.643
0.590	-0.475
0.591	-0.544
0.592	-0.386
0.593	-0.309
0.594	-0.447
0.595	-0.320
0.596	-0.179
0.597	-0.121
0.598	-0.024
0.599	-0.123
0.600	0.065
0.601	0.179
0.602	0.083
0.603	0.163
0.604	0.264
0.605	0.323
0.606	0.399
0.607	0.349
0.608	0.476
0.609	0.501
0.610	0.626
0.611	0.742
0.612	0.612
0.613	0.756
0.614	0.862
0.615	0.711
0.616	0.813
0.617	0.801
0.618	0.941
0.619	0.953
0.620	0.995
0.621	0.993
0.622	0.872
0.623	1.007
0.624	1.014
0.625	0.936
0.626	0.878
0.627	0.953
0.628	0.860
0.629	1.075
0.630	0.976
0.631	0.997
0.632	1.002
0.633	0.985
0.634	0.763
0.635	0.796
0.636	0.767
0.637	0.803
0.638	0.719
0.639	0.754
0.640	0.502
0.641	0.484
0.642	0.577
0.643	0.392
0.644	0.468
0.645	0.371
0.646	0.243
0.647	0.131
0.648	0.237
0.649	-0.032
0.650	0.091
0.651	-0.032
0.652	-0.071
0.653	-0.081
0.654	-0.328
0.655	-0.363
0.656	-0.451
0.657	-0.500
0.658	-0.450
0.659	-0.617
0.660	-0.681
0.661	-0.706
0.662	-0.573
0.663	-0.851
0.664	-0.855
0.665	-0.904
0.666	-0.854
0.667	-0.839
0.668	-0.801
0.669	-1.030
0.670	-0.922
0.671	-1.076
0.672	-1.009
0.673	-0.993
0.674	-1.014
0.675	-1.052
0.676	-1.062
0.677	-0.889
0.678	-0.966
0.679	-1.046
0.680	-1.067
0.681	-0.947
0.682	-0.826
0.683	-0.813
0.684	-0.880
0.685	-0.685
0.686	-0.887
0.687	-0.723
0.688	-0.759
0.689	-0.597
0.690	-0.538
0.691	-0.579
0.692	-0.384
0.693	-0.389
0.694	-0.408
0.695	-0.421
0.696	-0.182
0.697	-0.112
0.698	-0.076
0.699	-0.017
0.700	0.101
0.701	0.016
0.702	0.188
0.703	0.137
0.704	0.326
0.705	0.231
0.706	0.391
0.707	0.314
0.708	0.382
0.709	0.450
0.710	0.524
0.711	0.546
0.712	0.707
0.713	0.618
0.714	0.868
0.715	0.920
0.716	0.733
0.717	0.983
0.718	0.897
0.719	0.869
0.720	0.973
0.721	0.886
0.722	1.003
0.723	0.986
0.724	1.077
0.725	1.107
0.726	1.005
0.727	1.013
0.728	1.040
0.729	0.900
0.730	0.892
0.731	0.963
0.732	0.914
0.733	0.755
0.734	0.952
0.735	0.771
0.736	0.697
0.737	0.735
0.738	0.660
0.739	0.589
0.740	0.633
0.741	0.572
0.742	0.468
0.743	0.368
0.744	0.419
0.745	0.267
0.746	0.177
0.747	0.252
0.748	0.065
0.749	0.109
0.750	-0.121
0.751	0.023
0.752	-0.037
0.753	-0.162
0.754	-0.293
0.755	-0.267
0.756	-0.361
0.757	-0.339
0.758	-0.544
0.759	-0.597
0.760	-0.694
0.761	-0.634
0.762	-0.587
0.763	-0.701
0.764	-0.763
0.765	-0.729
0.766	-0.730
0.767	-0.817
0.768	-0.944
0.769	-0.965
0.770	-1.065
0.771	-1.088
0.772	-1.106
0.773	-0.995
0.774	-1.050
0.775	-0.948
0.776	-0.918
0.777	-0.990
0.778	-0.990
0.779	-1.074
0.780	-1.028
0.781	-0.934
0.782	-0.799
0.783	-0.990
0.784	-0.948
0.785	-0.873
0.786	-0.718
0.787	-0.701
0.788	-0.786
0.789	-0.522
0.790	-0.496
0.791	-0.619
0.792	-0.488
0.793	-0.361
0.794	-0.299
0.795	-0.432
0.796	-0.229
0.797	-0.128
0.798	-0.064
0.799	0.043
0.800	-0.101
0.801	0.135
0.802	0.237
0.803	0.088
0.804	0.192
0.805	0.244
0.806	0.446
0.807	0.325
0.808	0.543
0.809	0.480
0.810	0.506
0.811	0.747
0.812	0.750
0.813	0.628
0.814	0.891
0.815	0.895
0.816	0.805
0.817	0.924
0.818	0.894
0.819	0.913
0.820	0.990
0.821	0.925
0.822	1.007
0.823	0.900
0.824	0.893
0.825	0.969
0.826	0.907
0.827	1.032
0.828	0.886
0.829	1.064
0.830	0.972
0.831	0.857
0.832	0.947
0.833	0.884
0.834	0.797
0.835	0.920
0.836	0.838
0.837	0.634
0.838	0.569
0.839	0.641
0.840	0.563
0.841	0.464
0.842	0.470
0.843	0.341
0.844	0.320
0.845	0.292
0.846	0.125
0.847	0.225
0.848	0.032
0.849	0.053
0.850	-0.104
0.851	0.007
0.852	-0.054
0.853	-0.141
0.854	-0.146
0.855	-0.217
0.856	-0.477
0.857	-0.539
0.858	-0.475
0.859	-0.617
0.860	-0.481
0.861	-0.735
0.862	-0.713
0.863	-0.705
0.864	-0.736
0.865	-0.759
0.866	-0.834
0.867	-0.900
0.868	-0.824
0.869	-0.910
0.870	-0.846
0.871	-1.038
0.872	-0.910
0.873	-1.024
0.874	-1.028
0.875	-1.101
0.876	-0.921
0.877	-1.020
0.878	-0.920
0.879	-0.860
0.880	-0.864
0.881	-0.847
0.882	-0.851
0.883	-0.843
0.884	-0.840
0.885	-0.778
0.886	-0.770
0.887	-0.709
0.888	-0.642
0.889	-0.755
0.890	-0.524
0.891	-0.511
0.892	-0.572
0.893	-0.515
0.894	-0.444
0.895	-0.240
0.896	-0.163
0.897	-0.129
0.898	-0.204
0.899	-0.021
0.900	-0.047
0.901	-0.036
0.902	0.222
0.903	0.088
0.904	0.244
0.905	0.252
0.906	0.293
0.907	0.373
0.908	0.521
0.909	0.648
0.910	0.518
0.911	0.639
0.912	0.754
0.913	0.838
0.914	0.681
0.915	0.758
0.916	0.860
0.917	0.912
0.918	0.998
0.919	0.863
0.920	0.995
0.921	1.001
0.922	1.065
0.923	1.070
0.924	1.066
0.925	0.882
0.926	1.021
0.927	1.022
0.928	1.048
0.929	1.037
0.930	0.897
0.931	0.824
0.932	1.000
0.933	0.794
0.934	0.764
0.935	0.774
0.936	0.756
0.937	0.699
0.938	0.721
0.939	0.538
0.940	0.544
0.941	0.628
0.942	0.509
0.943	0.327
0.944	0.445
0.945	0.371
0.946	0.223
0.947	0.154
0.948	0.099
0.949	0.006
0.950	0.025
0.951	-0.171
0.952	-0.025
0.953	-0.204
0.954	-0.153
0.955	-0.265
0.956	-0.378
0.957	-0.433
0.958	-0.534
0.959	-0.605
0.960	-0.651
0.961	-0.618
0.962	-0.734
0.963	-0.822
0.964	-0.708
0.965	-0.814
0.966	-0.848
0.967	-0.953
0.968	-0.815
0.969	-1.021
0.970	-1.003
0.971	-1.047
0.972	-1.107
0.973	-0.892
0.974	-1.051
0.975	-0.923
0.976	-0.960
0.977	-0.945
0.978	-1.063
0.979	-1.082
0.980	-0.836
0.981	-0.861
0.982	-1.002
0.983	-0.786
0.984	-0.918
0.985	-0.685
0.986	-0.761
0.987	-0.687
0.988	-0.693
0.989	-0.555
0.990	-0.490
0.991	-0.483
0.992	-0.505
0.993	-0.502
0.994	-0.284
0.995	-0.395
0.996	-0.205
0.997	-0.231
0.998	-0.164
0.999	-0.055
1.000	-0.011
1.001	0.098
1.002	0.180
1.003	0.177
1.004	0.259
1.005	0.185
1.006	0.310
1.007	0.349
1.008	0.530
1.009	0.522
1.010	0.522
1.011	0.676
1.012	0.614
1.013	0.691
1.014	0.774
1.015	0.791
1.016	0.805
1.017	0.764
1.018	0.803
1.019	1.007
1.020	1.046
1.021	1.090
1.022	0.988
1.023	0.938
1.024	0.918
1.025	0.965
1.026	0.983
1.027	1.081
1.028	1.028
1.029	1.040
1.030	0.923
1.031	0.840
1.032	0.886
1.033	0.777
1.034	0.869
1.035	0.926
1.036	0.673
1.037	0.821
1.038	0.599
1.039	0.713
1.040	0.541
1.041	0.510
1.042	0.471
1.043	0.434
1.044	0.429
1.045	0.427
1.046	0.363
1.047	0.085
1.048	0.005
1.049	-0.049
1.050	0.099
1.051	0.037
1.052	-0.240
1.053	-0.208
1.054	-0.328
1.055	-0.379
1.056	-0.299
1.057	-0.395
1.058	-0.588
1.059	-0.545
1.060	-0.611
1.061	-0.647
1.062	-0.659
1.063	-0.645
1.064	-0.755
1.065	-0.883
1.066	-0.769
1.067	-0.833
1.068	-1.012
1.069	-0.814
1.070	-0.957
1.071	-0.997
1.072	-1.018
1.073	-0.884
1.074	-0.894
1.075	-1.099
1.076	-0.898
1.077	-0.898
1.078	-1.059
1.079	-0.863
1.080	-0.844
1.081	-1.032
1.082	-0.825
1.083	-0.759
1.084	-0.842
1.085	-0.933
1.086	-0.848
1.087	-0.782
1.088	-0.653
1.089	-0.697
1.090	-0.526
1.091	-0.652
1.092	-0.426
1.093	-0.463
1.094	-0.275
1.095	-0.363
1.096	-0.236
1.097	-0.144
1.098	-0.011
1.099	-0.032
1.100	0.034
1.101	0.046
1.102	0.002
1.103	0.311
1.104	0.215
1.105	0.415
1.106	0.268
1.107	0.367
1.108	0.557
1.109	0.484
1.110	0.509
1.111	0.695
1.112	0.655
1.113	0.606
1.114	0.820
1.115	0.906
1.116	0.722
1.117	0.973
1.118	0.824
1.119	0.965
1.120	0.863
1.121	1.075
1.122	1.026
1.123	1.085
1.124	0.942
1.125	1.012
1.126	0.912
1.127	1.074
1.128	0.913
1.129	0.872
1.130	0.939
1.131	1.020
1.132	0.916
1.133	0.867
1.134	0.934
1.135	0.911
1.136	0.742
1.137	0.843
1.138	0.603
1.139	0.559
1.140	0.525
1.141	0.501
1.142	0.586
1.143	0.458
1.144	0.335
1.145	0.338
1.146	0.253
1.147	0.157
1.148	0.126
1.149	0.111
1.150	-0.121
1.151	-0.025
1.152	-0.095
1.153	-0.139
1.154	-0.244
1.155	-0.210
1.156	-0.433
1.157	-0.382
1.158	-0.426
1.159	-0.545
1.160	-0.516
1.161	-0.718
1.162	-0.728
1.163	-0.770
1.164	-0.736
1.165	-0.889
1.166	-0.908
1.167	-0.995
1.168	-0.995
1.169	-0.950
1.170	-1.023
1.171	-0.997
1.172	-0.913
1.173	-1.085
1.174	-1.120
1.175	-1.089
1.176	-0.937
1.177	-0.984
1.178	-0.976
1.179	-1.032
1.180	-1.020
1.181	-0.919
1.182	-0.806
1.183	-0.790
1.184	-0.910
1.185	-0.830
1.186	-0.711
1.187	-0.735
1.188	-0.786
1.189	-0.647
1.190	-0.477
1.191	-0.441
1.192	-0.447
1.193	-0.484
1.194	-0.439
1.195	-0.365
1.196	-0.262
1.197	-0.198
1.198	-0.175
1.199	-0.041
1.200	0.094
1.201	0.067
1.202	0.243
1.203	0.226
1.204	0.285
1.205	0.430
1.206	0.443
1.207	0.398
1.208	0.486
1.209	0.491
1.210	0.622
1.211	0.697
1.212	0.776
1.213	0.737
1.214	0.792
1.215	0.709
1.216	0.957
1.217	0.832
1.218	0.924
1.219	0.816
1.220	1.023
1.221	0.973
1.222	1.088
1.223	0.974
1.224	1.069
1.225	0.910
1.226	1.049
1.227	0.925
1.228	1.007
1.229	0.846
1.230	1.031
1.231	0.923
1.232	0.911
1.233	0.949
1.234	0.751
1.235	0.726
1.236	0.839
1.237	0.835
1.238	0.699
1.239	0.585
1.240	0.525
1.241	0.459
1.242	0.365
1.243	0.329
1.244	0.425
1.245	0.338
1.246	0.177
1.247	0.232
1.248	0.235
1.249	0.135
1.250	0.055
1.251	-0.006
1.252	-0.174
1.253	-0.151
1.254	-0.335
1.255	-0.411
1.256	-0.297
1.257	-0.336
1.258	-0.526
1.259	-0.565
1.260	-0.496
1.261	-0.727
1.262	-0.596
1.263	-0.756
1.264	-0.662
1.265	-0.689
1.266	-0.830
1.267	-0.824
1.268	-0.803
1.269	-1.026
1.270	-1.076
1.271	-1.055
1.272	-1.030
1.273	-1.109
1.274	-1.056
1.275	-1.116
1.276	-0.961
1.277	-0.997
1.278	-0.929
1.279	-0.947
1.280	-1.009
1.281	-0.946
1.282	-0.951
1.283	-0.858
1.284	-0.949
1.285	-0.817
1.286	-0.730
1.287	-0.638
1.288	-0.728
1.289	-0.516
1.290	-0.651
1.291	-0.612
1.292	-0.575
1.293	-0.525
1.294	-0.347
1.295	-0.419
1.296	-0.353
1.297	-0.277
1.298	-0.058
1.299	0.060
1.300	-0.061
1.301	0.130
1.302	0.036
1.303	0.203
1.304	0.324
1.305	0.287
1.306	0.393
1.307	0.413
1.308	0.579
1.309	0.489
1.310	0.472
1.311	0.552
1.312	0.746
1.313	0.691
1.314	0.828
1.315	0.891
1.316	0.924
1.317	0.850
1.318	0.953
1.319	0.841
1.320	0.921
1.321	1.078
1.322	0.942
1.323	0.994
1.324	0.883
1.325	1.106
1.326	1.015
1.327	0.898
1.328	0.874
1.329	0.928
1.330	0.854
1.331	0.886
1.332	0.806
1.333	0.815
1.334	0.941
1.335	0.911
1.336	0.813
1.337	0.726
1.338	0.648
1.339	0.652
1.340	0.663
1.341	0.509
1.342	0.536
1.343	0.438
1.344	0.428
1.345	0.296
1.346	0.217
1.347	0.202
1.348	0.211
1.349	-0.045
1.350	0.051
1.351	-0.133
1.352	-0.249
1.353	-0.301
1.354	-0.192
1.355	-0.422
1.356	-0.251
1.357	-0.477
1.358	-0.564
1.359	-0.652
1.360	-0.554
1.361	-0.692
1.362	-0.719
1.363	-0.669
1.364	-0.761
1.365	-0.872
1.366	-0.808
1.367	-0.950
1.368	-0.846
1.369	-1.054
1.370	-0.885
1.371	-0.959
1.372	-1.009
1.373	-0.997
1.374	-1.102
1.375	-1.092
1.376	-0.891
1.377	-1.002
1.378	-0.934
1.379	-0.901
1.380	-0.944
1.381	-0.956
1.382	-0.782
1.383	-0.868
1.384	-0.860
1.385	-0.755
1.386	-0.751
1.387	-0.752
1.388	-0.806
1.389	-0.575
1.390	-0.601
1.391	-0.499
1.392	-0.599
1.393	-0.349
1.394	-0.396
1.395	-0.292
1.396	-0.360
1.397	-0.304
1.398	-0.057
1.399	0.010
1.400	-0.116
1.401	0.073
1.402	0.083
1.403	0.170
1.404	0.129
1.405	0.287
1.406	0.384
1.407	0.538
1.408	0.575
1.409	0.475
1.410	0.642
1.411	0.612
1.412	0.722
1.413	0.781
1.414	0.879
1.415	0.706
1.416	0.826
1.417	0.880
1.418	0.904
1.419	0.915
1.420	0.892
1.421	1.079
1.422	0.879
1.423	0.940
1.424	1.060
1.425	0.994
1.426	1.088
1.427	1.068
1.428	0.984
1.429	1.002
1.430	0.975
1.431	0.941
1.432	0.824
1.433	0.983
1.434	0.963
1.435	0.733
1.436	0.731
1.437	0.738
1.438	0.596
1.439	0.566
1.440	0.661
1.441	0.626
1.442	0.510
1.443	0.411
1.444	0.385
1.445	0.321
1.446	0.257
1.447	0.311
1.448	0.015
1.449	-0.055
1.450	-0.017
1.451	-0.108
1.452	-0.007
1.453	-0.183
1.454	-0.220
1.455	-0.253
1.456	-0.245
1.457	-0.432
1.458	-0.475
1.459	-0.535
1.460	-0.686
1.461	-0.731
1.462	-0.798
1.463	-0.783
1.464	-0.883
1.465	-0.929
1.466	-0.849
1.467	-0.904
1.468	-0.890
1.469	-0.899
1.470	-0.925
1.471	-1.006
1.472	-0.986
1.473	-1.063
1.474	-0.925
1.475	-1.111
1.476	-0.932
1.477	-1.036
1.478	-1.095
1.479	-0.888
1.480	-0.987
1.481	-0.935
1.482	-0.994
1.483	-0.919
1.484	-0.720
1.485	-0.745
1.486	-0.883
1.487	-0.606
1.488	-0.752
1.489	-0.618
1.490	-0.589
1.491	-0.576
1.492	-0.431
1.493	-0.416
1.494	-0.337
1.495	-0.246
1.496	-0.233
1.497	-0.287
1.498	-0.215
1.499	-0.158
1.500	0.057
1.501	0.124
1.502	0.118
1.503	0.115
1.504	0.364
1.505	0.250
1.506	0.310
1.507	0.482
1.508	0.504
1.509	0.489
1.510	0.600
1.511	0.749
1.512	0.758
1.513	0.777
1.514	0.715
1.515	0.882
1.516	0.831
1.517	0.833
1.518	0.976
1.519	0.974
1.520	1.053
1.521	0.913
1.522	0.861
1.523	1.019
1.524	1.078
1.525	1.035
1.526	0.964
1.527	0.962
1.528	1.043
1.529	0.970
1.530	0.951
1.531	0.922
1.532	0.843
1.533	0.994
1.534	0.889
1.535	0.738
1.536	0.704
1.537	0.840
1.538	0.795
1.539	0.719
1.540	0.527
1.541	0.533
1.542	0.550
1.543	0.314
1.544	0.288
1.545	0.196
1.546	0.335
1.547	0.219
1.548	0.094
1.549	0.095
1.550	-0.049
1.551	-0.117
1.552	-0.023
1.553	-0.233
1.554	-0.151
1.555	-0.252
1.556	-0.254
1.557	-0.487
1.558	-0.579
1.559	-0.486
1.560	-0.523
1.561	-0.610
1.562	-0.768
1.563	-0.851
1.564	-0.751
1.565	-0.723
1.566	-0.913
1.567	-0.797
1.568	-0.833
1.569	-1.013
1.570	-0.916
1.571	-1.082
1.572	-0.943
1.573	-1.014
1.574	-1.098
1.575	-0.916
1.576	-1.007
1.577	-0.881
1.578	-0.992
1.579	-0.884
1.580	-0.933
1.581	-0.864
1.582	-0.999
1.583	-0.880
1.584	-0.949
1.585	-0.930
1.586	-0.842
1.587	-0.845
1.588	-0.742
1.589	-0.682
1.590	-0.529
1.591	-0.654
1.592	-0.374
1.593	-0.326
1.594	-0.483
1.595	-0.306
1.596	-0.188
1.597	-0.245
1.598	-0.169
1.599	-0.055
1.600	-0.016
1.601	0.180
1.602	0.145
1.603	0.085
1.604	0.219
1.605	0.354
1.606	0.475
1.607	0.512
1.608	0.512
1.609	0.508
1.610	0.634
1.611	0.562
1.612	0.597
1.613	0.806
1.614	0.816
1.615	0.742
1.616	0.925
1.617	0.975
1.618	0.847
1.619	0.827
1.620	0.880
1.621	0.844
1.622	0.887
1.623	0.904
1.624	1.099
1.625	0.915
1.626	1.037
1.627	1.029
1.628	0.964
1.629	1.090
1.630	0.871
1.631	1.021
1.632	1.018
1.633	0.941
1.634	0.958
1.635	0.767
1.636	0.755
1.637	0.824
1.638	0.604
1.639	0.527
1.640	0.530
1.641	0.626
1.642	0.421
1.643	0.405
1.644	0.410
1.645	0.418
1.646	0.286
1.647	0.185
1.648	0.208
1.649	0.167
1.650	0.020
1.651	-0.177
1.652	-0.020
1.653	-0.138
1.654	-0.326
1.655	-0.228
1.656	-0.278
1.657	-0.339
1.658	-0.489
1.659	-0.589
1.660	-0.505
1.661	-0.600
1.662	-0.772
1.663	-0.658
1.664	-0.793
1.665	-0.908
1.666	-0.940
1.667	-0.789
1.668	-0.784
1.669	-0.981
1.670	-0.849
1.671	-1.030
1.672	-1.068
1.673	-1.076
1.674	-0.956
1.675	-0.918
1.676	-1.098
1.677	-1.038
1.678	-1.028
1.679	-0.861
1.680	-1.017
1.681	-0.831
1.682	-0.786
1.683	-0.963
1.684	-0.820
1.685	-0.893
1.686	-0.651
1.687	-0.740
1.688	-0.806
1.689	-0.651
1.690	-0.527
1.691	-0.449
1.692	-0.582
1.693	-0.328
1.694	-0.336
1.695	-0.307
1.696	-0.124
1.697	-0.125
1.698	-0.161
1.699	0.058
1.700	-0.114
1.701	0.004
1.702	0.059
1.703	0.113
1.704	0.231
1.705	0.410
1.706	0.251
1.707	0.433
1.708	0.412
1.709	0.498
1.710	0.578
1.711	0.627
1.712	0.621
1.713	0.713
1.714	0.798
1.715	0.894
1.716	0.870
1.717	0.898
1.718	0.854
1.719	0.959
1.720	0.835
1.721	0.853
1.722	0.973
1.723	0.900
1.724	1.106
1.725	0.898
1.726	1.033
1.727	1.099
1.728	1.068
1.729	1.092
1.730	1.053
1.731	1.026
1.732	0.845
1.733	0.787
1.734	0.742
1.735	0.856
1.736	0.658
1.737	0.634
1.738	0.614
1.739	0.580
1.740	0.580
1.741	0.580
1.742	0.539
1.743	0.479
1.744	0.272
1.745	0.269
1.746	0.262
1.747	0.241
1.748	0.232
1.749	0.149
1.750	-0.042
1.751	0.053
1.752	-0.029
1.753	-0.114
1.754	-0.350
1.755	-0.230
1.756	-0.271
1.757	-0.367
1.758	-0.421
1.759	-0.479
1.760	-0.530
1.761	-0.599
1.762	-0.656
1.763	-0.606
1.764	-0.696
1.765	-0.758
1.766	-0.800
1.767	-0.790
1.768	-0.824
1.769	-0.831
1.770	-1.047
1.771	-1.021
1.772	-0.964
1.773	-0.906
1.774	-1.122
1.775	-0.953
1.776	-1.077
1.777	-0.979
1.778	-1.006
1.779	-1.065
1.780	-0.976
1.781	-0.871
1.782	-1.011
1.783	-0.930
1.784	-0.837
1.785	-0.891
1.786	-0.870
1.787	-0.750
1.788	-0.583
1.789	-0.552
1.790	-0.677
1.791	-0.502
1.792	-0.483
1.793	-0.361
1.794	-0.336
1.795	-0.361
1.796	-0.258
1.797	-0.236
1.798	-0.216
1.799	-0.116
1.800	-0.075
1.801	0.002
1.802	0.144
1.803	0.256
1.804	0.149
1.805	0.329
1.806	0.358
1.807	0.372
1.808	0.390
1.809	0.627
1.810	0.563
1.811	0.646
1.812	0.709
1.813	0.723
1.814	0.850
1.815	0.716
1.816	0.881
1.817	0.981
1.818	0.916
1.819	0.943
1.820	1.017
1.821	1.016
1.822	0.904
1.823	0.932
1.824	0.985
1.825	1.079
1.826	1.011
1.827	1.095
1.828	0.887
1.829	1.016
1.830	0.875
1.831	0.885
1.832	1.016
1.833	0.944
1.834	0.743
1.835	0.695
1.836	0.733
1.837	0.742
1.838	0.642
1.839	0.634
1.840	0.567
1.841	0.593
1.842	0.361
1.843	0.305
1.844	0.294
1.845	0.393
1.846	0.160
1.847	0.275
1.848	0.189
1.849	0.111
1.850	-0.025
1.851	-0.058
1.852	-0.154
1.853	-0.165
1.854	-0.180
1.855	-0.226
1.856	-0.392
1.857	-0.469
1.858	-0.421
1.859	-0.529
1.860	-0.709
1.861	-0.527
1.862	-0.598
1.863	-0.614
1.864	-0.717
1.865	-0.699
1.866	-0.968
1.867	-0.985
1.868	-0.906
1.869	-0.971
1.870	-0.939
1.871	-0.865
1.872	-1.091
1.873	-0.975
1.874	-0.890
1.875	-1.058
1.876	-1.022
1.877	-1.098
1.878	-1.078
1.879	-1.053
1.880	-0.883
1.881	-0.925
1.882	-0.860
1.883	-0.962
1.884	-0.942
1.885	-0.820
1.886	-0.648
1.887	-0.725
1.888	-0.614
1.889	-0.579
1.890	-0.702
1.891	-0.461
1.892	-0.439
1.893	-0.329
1.894	-0.304
1.895	-0.338
1.896	-0.166
1.897	-0.122
1.898	-0.138
1.899	-0.106
1.900	-0.101
1.901	0.187
1.902	0.060
1.903	0.102
1.904	0.265
1.905	0.226
1.906	0.350
1.907	0.544
1.908	0.419
1.909	0.547
1.910	0.496
1.911	0.517
1.912	0.575
1.913	0.807
1.914	0.689
1.915	0.727
1.916	0.786
1.917	0.792
1.918	0.951
1.919	0.818
1.920	1.050
1.921	1.025
1.922	1.070
1.923	1.009
1.924	1.027
1.925	1.027
1.926	1.111
1.927	0.978
1.928	0.949
1.929	0.944
1.930	1.019
1.931	0.921
1.932	0.879
1.933	0.754
1.934	0.875
1.935	0.925
1.936	0.690
1.937	0.616
1.938	0.793
1.939	0.619
1.940	0.610
1.941	0.428
1.942	0.468
1.943	0.464
1.944	0.463
1.945	0.339
1.946	0.329
1.947	0.099
1.948	0.196
1.949	0.065
1.950	-0.075
1.951	-0.018
1.952	-0.192
1.953	-0.300
1.954	-0.313
1.955	-0.222
1.956	-0.329
1.957	-0.502
1.958	-0.533
1.959	-0.654
1.960	-0.564
1.961	-0.746
1.962	-0.687
1.963	-0.606
1.964	-0.877
1.965	-0.906
1.966	-0.730
1.967	-0.938
1.968	-0.990
1.969	-0.831
1.970	-0.906
1.971	-0.906
1.972	-0.867
1.973	-1.086
1.974	-1.023
1.975	-0.915
1.976	-0.937
1.977	-1.061
1.978	-0.860
1.979	-0.961
1.980	-0.893
1.981	-1.008
1.982	-0.978
1.983	-0.760
1.984	-0.910
1.985	-0.821
1.986	-0.692
1.987	-0.630
1.988	-0.648
1.989	-0.735
1.990	-0.483
1.991	-0.601
1.992	-0.563
1.993	-0.448
1.994	-0.434
1.995	-0.372
1.996	-0.244
1.997	-0.264
1.998	-0.125
1.999	-0.018
2.000	-0.103
2.001	-0.017
2.002	0.107
2.003	0.074
2.004	0.200
2.005	0.391
2.006	0.465
2.007	0.314
2.008	0.370
2.009	0.630
2.010	0.608
2.011	0.708
2.012	0.576
2.013	0.801
2.014	0.833
2.015	0.760
2.016	0.779
2.017	0.892
2.018	0.830
2.019	1.026
2.020	0.994
2.021	0.874
2.022	0.888
2.023	1.079
2.024	1.005
2.025	0.965
2.026	0.897
2.027	0.879
2.028	0.995
2.029	0.992
2.030	1.008
2.031	0.964
2.032	0.974
2.033	0.789
2.034	0.891
2.035	0.705
2.036	0.891
2.037	0.747
2.038	0.593
2.039	0.520
2.040	0.575
2.041	0.590
2.042	0.561
2.043	0.430
2.044	0.369
2.045	0.325
2.046	0.329
2.047	0.248
2.048	0.033
2.049	-0.057
2.050	0.032
2.051	0.013
2.052	-0.216
2.053	-0.125
2.054	-0.211
2.055	-0.267
2.056	-0.466
2.057	-0.365
2.058	-0.428
2.059	-0.496
2.060	-0.628
2.061	-0.652
2.062	-0.735
2.063	-0.825
2.064	-0.747
2.065	-0.688
2.066	-0.920
2.067	-0.858
2.068	-0.891
2.069	-0.972
2.070	-0.924
2.071	-1.092
2.072	-1.095
2.073	-1.011
2.074	-0.993
2.075	-0.986
2.076	-0.876
2.077	-1.032
2.078	-1.033
2.079	-1.064
2.080	-0.986
2.081	-0.824
2.082	-0.799
2.083	-0.876
2.084	-0.801
2.085	-0.791
2.086	-0.854
2.087	-0.658
2.088	-0.730
2.089	-0.542
2.090	-0.602
2.091	-0.497
2.092	-0.525
2.093	-0.365
2.094	-0.301
2.095	-0.204
2.096	-0.192
2.097	-0.070
2.098	-0.127
2.099	-0.117
2.100	-0.050
2.101	-0.037
2.102	0.073
2.103	0.150
2.104	0.255
2.105	0.387
2.106	0.469
2.107	0.430
2.108	0.395
2.109	0.462
2.110	0.621
2.111	0.641
2.112	0.591
2.113	0.743
2.114	0.649
2.115	0.884
2.116	0.752
2.117	0.796
2.118	0.926
2.119	0.916
2.120	0.842
2.121	0.851
2.122	0.883
2.123	0.964
2.124	1.066
2.125	1.093
2.126	0.950
2.127	0.992
2.128	1.067
2.129	1.044
2.130	1.021
2.131	0.840
2.132	1.006
2.133	0.769
2.134	0.842
2.135	0.792
2.136	0.866
2.137	0.703
2.138	0.796
2.139	0.521
2.140	0.612
2.141	0.556
2.142	0.493
2.143	0.482
2.144	0.278
2.145	0.324
2.146	0.255
2.147	0.129
2.148	0.185
2.149	-0.035
2.150	0.054
2.151	0.012
2.152	-0.216
2.153	-0.108
2.154	-0.327
2.155	-0.206
2.156	-0.321
2.157	-0.427
2.158	-0.505
2.159	-0.528
2.160	-0.639
2.161	-0.715
2.162	-0.642
2.163	-0.803
2.164	-0.831
2.165	-0.894
2.166	-0.811
2.167	-0.966
2.168	-0.890
2.169	-0.910
2.170	-1.033
2.171	-1.055
2.172	-1.067
2.173	-0.937
2.174	-0.903
2.175	-1.050
2.176	-1.054
2.177	-1.015
2.178	-0.966
2.179	-1.090
2.180	-0.947
2.181	-0.985
2.182	-0.826
2.183	-0.837
2.184	-0.945
2.185	-0.933
2.186	-0.754
2.187	-0.657
2.188	-0.685
2.189	-0.519
2.190	-0.634
2.191	-0.462
2.192	-0.566
2.193	-0.304
2.194	-0.244
2.195	-0.328
2.196	-0.336
2.197	-0.155
2.198	-0.109
2.199	-0.011
2.200	-0.073
2.201	0.122
2.202	0.216
2.203	0.155
2.204	0.238
2.205	0.370
2.206	0.411
2.207	0.484
2.208	0.395
2.209	0.470
2.210	0.650
2.211	0.680
2.212	0.689
2.213	0.745
2.214	0.727
2.215	0.838
2.216	0.861
2.217	0.975
2.218	0.880
2.219	0.821
2.220	1.043
2.221	1.023
2.222	1.072
2.223	0.875
2.224	1.050
2.225	1.088
2.226	0.987
2.227	1.081
2.228	0.978
2.229	0.849
2.230	0.967
2.231	0.978
2.232	0.969
2.233	0.857
2.234	0.735
2.235	0.738
2.236	0.688
2.237	0.787
2.238	0.797
2.239	0.593
2.240	0.705
2.241	0.586
2.242	0.605
2.243	0.422
2.244	0.309
2.245	0.263
2.246	0.149
2.247	0.270
2.248	0.053
2.249	0.064
2.250	0.099
2.251	-0.168
2.252	-0.195
2.253	-0.124
2.254	-0.346
2.255	-0.202
2.256	-0.342
2.257	-0.408
2.258	-0.411
2.259	-0.639
2.260	-0.565
2.261	-0.676
2.262	-0.614
2.263	-0.767
2.264	-0.703
2.265	-0.723
2.266	-0.828
2.267	-0.766
2.268	-0.886
2.269	-0.926
2.270	-1.011
2.271	-0.957
2.272	-1.054
2.273	-1.054
2.274	-1.115
2.275	-1.006
2.276	-0.981
2.277	-1.084
2.278	-1.030
2.279	-0.898
2.280	-0.917
2.281	-1.003
2.282	-0.815
2.283	-0.787
2.284	-0.730
2.285	-0.691
2.286	-0.699
2.287	-0.713
2.288	-0.674
2.289	-0.619
2.290	-0.550
2.291	-0.628
2.292	-0.377
2.293	-0.443
2.294	-0.373
2.295	-0.262
2.296	-0.305
2.297	-0.301
2.298	-0.093
2.299	0.025
2.300	0.015
2.301	0.160
2.302	0.100
2.303	0.255
2.304	0.159
2.305	0.291
2.306	0.305
2.307	0.478
2.308	0.498
2.309	0.551
2.310	0.586
2.311	0.562
2.312	0.751
2.313	0.692
2.314	0.660
2.315	0.865
2.316	0.800
2.317	0.963
2.318	0.852
2.319	1.021
2.320	0.931
2.321	1.079
2.322	1.106
2.323	0.951
2.324	0.967
2.325	0.994
2.326	0.879
2.327	1.030
2.328	0.988
2.329	1.007
2.330	0.952
2.331	0.825
2.332	0.915
2.333	0.977
2.334	0.932
2.335	0.855
2.336	0.728
2.337	0.629
2.338	0.658
2.339	0.736
2.340	0.628
2.341	0.632
2.342	0.380
2.343	0.407
2.344	0.302
2.345	0.222
2.346	0.161
2.347	0.202
2.348	0.000
2.349	0.047
2.350	-0.019
2.351	-0.083
2.352	-0.156
2.353	-0.207
2.354	-0.185
2.355	-0.246
2.356	-0.269
2.357	-0.356
2.358	-0.506
2.359	-0.556
2.360	-0.604
2.361	-0.536
2.362	-0.685
2.363	-0.610
2.364	-0.693
2.365	-0.846
2.366	-0.804
2.367	-0.967
2.368	-0.917
2.369	-1.041
2.370	-1.068
2.371	-1.065
2.372	-0.873
2.373	-1.085
2.374	-0.988
2.375	-1.081
2.376	-1.053
2.377	-0.945
2.378	-0.924
2.379	-1.023
2.380	-1.045
2.381	-1.015
2.382	-0.855
2.383	-0.875
2.384	-0.825
2.385	-0.820
2.386	-0.831
2.387	-0.735
2.388	-0.751
2.389	-0.597
2.390	-0.489
2.391	-0.493
2.392	-0.464
2.393	-0.452
2.394	-0.332
2.395	-0.340
2.396	-0.187
2.397	-0.236
2.398	-0.121
2.399	-0.138
2.400	-0.035
2.401	0.075
2.402	0.079
2.403	0.137
2.404	0.293
2.405	0.397
2.406	0.361
2.407	0.540
2.408	0.492
2.409	0.463
2.410	0.522
2.411	0.679
2.412	0.651
2.413	0.838
2.414	0.688
2.415	0.920
2.416	0.817
2.417	0.858
2.418	0.885
2.419	0.962
2.420	0.849
2.421	0.923
2.422	0.932
2.423	1.032
2.424	1.052
2.425	1.111
2.426	0.882
2.427	0.983
2.428	0.919
2.429	0.982
2.430	0.992
2.431	0.957
2.432	0.805
2.433	0.996
2.434	0.946
2.435	0.878
2.436	0.853
2.437	0.699
2.438	0.743
2.439	0.605
2.440	0.609
2.441	0.653
2.442	0.366
2.443	0.539
2.444	0.470
2.445	0.236
2.446	0.348
2.447	0.137
2.448	0.159
2.449	0.018
2.450	0.106
2.451	-0.007
2.452	-0.091
2.453	-0.257
2.454	-0.278
2.455	-0.346
2.456	-0.451
2.457	-0.446
2.458	-0.403
2.459	-0.557
2.460	-0.470
2.461	-0.643
2.462	-0.804
2.463	-0.836
2.464	-0.782
2.465	-0.702
2.466	-0.757
2.467	-0.930
2.468	-0.953
2.469	-0.909
2.470	-0.912
2.471	-0.871
2.472	-0.969
2.473	-0.945
2.474	-0.912
2.475	-1.010
2.476	-0.899
2.477	-0.931
2.478	-0.918
2.479	-0.961
2.480	-1.060
2.481	-0.884
2.482	-0.966
2.483	-0.825
2.484	-0.742
2.485	-0.775
2.486	-0.881
2.487	-0.835
2.488	-0.795
2.489	-0.544
2.490	-0.590
2.491	-0.654
2.492	-0.519
2.493	-0.423
2.494	-0.468
2.495	-0.233
2.496	-0.264
2.497	-0.074
2.498	-0.228
2.499	-0.002
2.500	0.010
2.501	0.124
2.502	0.160
2.503	0.086
2.504	0.232
2.505	0.305
2.506	0.381
2.507	0.383
2.508	0.413
2.509	0.489
2.510	0.678
2.511	0.585
2.512	0.809
2.513	0.632
2.514	0.894
2.515	0.910
2.516	0.907
2.517	0.764
2.518	1.024
2.519	1.006
2.520	1.057
2.521	0.961
2.522	1.066
2.523	0.936
2.524	1.118
2.525	1.109
2.526	0.893
2.527	0.972
2.528	1.080
2.529	0.885
2.530	0.867
2.531	0.912
2.532	1.007
2.533	0.951
2.534	0.850
2.535	0.770
2.536	0.716
2.537	0.623
2.538	0.728
2.539	0.640
2.540	0.560
2.541	0.544
2.542	0.557
2.543	0.397
2.544	0.404
2.545	0.383
2.546	0.195
2.547	0.161
2.548	0.212
2.549	0.004
2.550	-0.074
2.551	0.005
2.552	-0.067
2.553	-0.303
2.554	-0.362
2.555	-0.256
2.556	-0.249
2.557	-0.520
2.558	-0.574
2.559	-0.444
2.560	-0.640
2.561	-0.689
2.562	-0.735
2.563	-0.804
2.564	-0.872
2.565	-0.729
2.566	-0.833
2.567	-0.907
2.568	-0.806
2.569	-1.000
2.570	-0.854
2.571	-1.023
2.572	-0.920
2.573	-0.945
2.574	-0.957
2.575	-1.026
2.576	-1.002
2.577	-0.879
2.578	-0.910
2.579	-1.011
2.580	-1.022
2.581	-0.807
2.582	-1.004
2.583	-0.764
2.584	-0.962
2.585	-0.897
2.586	-0.730
2.587	-0.852
2.588	-0.742
2.589	-0.564
2.590	-0.495
2.591	-0.520
2.592	-0.585
2.593	-0.508
2.594	-0.302
2.595	-0.389
2.596	-0.127
2.597	-0.235
2.598	-0.110
2.599	0.033
2.600	0.006
2.601	0.049
2.602	0.041
2.603	0.131
2.604	0.157
2.605	0.391
2.606	0.410
2.607	0.455
2.608	0.552
2.609	0.526
2.610	0.699
2.611	0.761
2.612	0.673
2.613	0.616
2.614	0.881
2.615	0.805
2.616	0.768
2.617	0.902
2.618	0.902
2.619	0.921
2.620	0.925
2.621	0.934
2.622	0.864
2.623	0.988
2.624	1.006
2.625	1.073
2.626	1.039
2.627	0.997
2.628	0.882
2.629	0.900
2.630	0.927
2.631	0.961
2.632	0.948
2.633	0.893
2.634	0.944
2.635	0.885
2.636	0.745
2.637	0.746
2.638	0.665
2.639	0.556
2.640	0.470
2.641	0.503
2.642	0.399
2.643	0.421
2.644	0.347
2.645	0.213
2.646	0.364
2.647	0.215
2.648	0.180
2.649	0.051
2.650	-0.105
2.651	-0.159
2.652	-0.047
2.653	-0.286
2.654	-0.225
2.655	-0.348
2.656	-0.268
2.657	-0.486
2.658	-0.391
2.659	-0.411
2.660	-0.591
2.661	-0.696
2.662	-0.654
2.663	-0.815
2.664	-0.687
2.665	-0.804
2.666	-0.729
2.667	-0.944
2.668	-1.008
2.669	-0.959
2.670	-0.975
2.671	-1.065
2.672	-0.920
2.673	-0.973
2.674	-0.974
2.675	-1.084
2.676	-0.950
2.677	-0.978
2.678	-0.913
2.679	-0.991
2.680	-1.074
2.681	-0.841
2.682	-0.899
2.683	-0.796
2.684	-0.729
2.685	-0.904
2.686	-0.854
2.687	-0.639
2.688	-0.714
2.689	-0.755
2.690	-0.498
2.691	-0.444
2.692	-0.533
2.693	-0.431
2.694	-0.488
2.695	-0.401
2.696	-0.124
2.697	-0.067
2.698	-0.160
2.699	-0.166
2.700	-0.034
2.701	0.130
2.702	0.051
2.703	0.091
2.704	0.210
2.705	0.384
2.706	0.313
2.707	0.309
2.708	0.446
2.709	0.424
2.710	0.574
2.711	0.604
2.712	0.786
2.713	0.846
2.714	0.692
2.715	0.901
2.716	0.741
2.717	0.839
2.718	0.962
2.719	0.922
2.720	0.922
2.721	0.990
2.722	0.941
2.723	1.037
2.724	0.889
2.725	0.964
2.726	1.076
2.727	0.883
2.728	0.942
2.729	0.886
2.730	0.864
2.731	0.981
2.732	1.014
2.733	0.840
2.734	0.923
2.735	0.754
2.736	0.684
2.737	0.628
2.738	0.639
2.739	0.640
2.740	0.500
2.741	0.601
2.742	0.575
2.743	0.315
2.744	0.425
2.745	0.199
2.746	0.355
2.747	0.266
2.748	0.103
2.749	0.100
2.750	-0.055
2.751	0.011
2.752	-0.192
2.753	-0.159
2.754	-0.255
2.755	-0.359
2.756	-0.251
2.757	-0.480
2.758	-0.516
2.759	-0.584
2.760	-0.599
2.761	-0.634
2.762	-0.807
2.763	-0.755
2.764	-0.679
2.765	-0.727
2.766	-0.800
2.767	-0.996
2.768	-0.799
2.769	-0.807
2.770	-0.944
2.771	-1.076
2.772	-0.919
2.773	-1.017
2.774	-1.092
2.775	-1.006
2.776	-1.008
2.777	-1.105
2.778	-1.034
2.779	-0.875
2.780	-0.901
2.781	-0.912
2.782	-0.863
2.783	-0.768
2.784	-0.923
2.785	-0.898
2.786	-0.837
2.787	-0.815
2.788	-0.703
2.789	-0.614
2.790	-0.597
2.791	-0.440
2.792	-0.580
2.793	-0.433
2.794	-0.424
2.795	-0.190
2.796	-0.299
2.797	-0.074
2.798	-0.002
2.799	-0.132
2.800	0.111
2.801	0.068
2.802	0.073
2.803	0.236
2.804	0.355
2.805	0.288
2.806	0.286
2.807	0.397
2.808	0.473
2.809	0.527
2.810	0.527
2.811	0.554
2.812	0.569
2.813	0.836
2.814	0.670
2.815	0.739
2.816	0.737
2.817	0.834
2.818	0.874
2.819	0.929
2.820	1.058
2.821	1.053
2.822	0.952
2.823	0.876
2.824	0.951
2.825	1.038
2.826	0.875
2.827	1.020
2.828	1.009
2.829	0.845
2.830	1.034
2.831	0.942
2.832	0.911
2.833	0.782
2.834	0.780
2.835	0.797
2.836	0.780
2.837	0.708
2.838	0.768
2.839	0.514
2.840	0.683
2.841	0.434
2.842	0.399
2.843	0.530
2.844	0.248
2.845	0.251
2.846	0.158
2.847	0.085
2.848	0.150
2.849	0.066
2.850	0.021
2.851	-0.056
2.852	-0.162
2.853	-0.072
2.854	-0.233
2.855	-0.269
2.856	-0.339
2.857	-0.408
2.858	-0.539
2.859	-0.605
2.860	-0.569
2.861	-0.737
2.862	-0.617
2.863	-0.829
2.864	-0.839
2.865	-0.930
2.866	-0.831
2.867	-0.810
2.868	-0.922
2.869	-0.958
2.870	-0.884
2.871	-1.015
2.872	-0.987
2.873	-0.882
2.874	-1.065
2.875	-1.000
2.876	-1.071
2.877	-1.025
2.878	-0.960
2.879	-0.891
2.880	-0.855
2.881	-1.011
2.882	-0.946
2.883	-0.942
2.884	-0.935
2.885	-0.710
2.886	-0.671
2.887	-0.666
2.888	-0.692
2.889	-0.720
2.890	-0.469
2.891	-0.650
2.892	-0.539
2.893	-0.364
2.894	-0.457
2.895	-0.310
2.896	-0.184
2.897	-0.138
2.898	-0.185
2.899	-0.140
2.900	-0.104
2.901	-0.054
2.902	0.127
2.903	0.203
2.904	0.366
2.905	0.368
2.906	0.260
2.907	0.345
2.908	0.384
2.909	0.575
2.910	0.710
2.911	0.760
2.912	0.767
2.913	0.685
2.914	0.702
2.915	0.926
2.916	0.774
2.917	0.782
2.918	0.960
2.919	0.977
2.920	0.899
2.921	1.017
2.922	1.040
2.923	1.008
2.924	0.983
2.925	1.094
2.926	0.888
2.927	0.917
2.928	1.001
2.929	0.924
2.930	0.924
2.931	0.969
2.932	0.868
2.933	0.976
2.934	0.775
2.935	0.764
2.936	0.805
2.937	0.676
2.938	0.685
2.939	0.699
2.940	0.698
2.941	0.533
2.942	0.541
2.943	0.494
2.944	0.446
2.945	0.425
2.946	0.309
2.947	0.070
2.948	0.022
2.949	0.053
2.950	0.055
2.951	-0.093
2.952	-0.211
2.953	-0.200
2.954	-0.138
2.955	-0.285
2.956	-0.411
2.957	-0.551
2.958	-0.407
2.959	-0.436
2.960	-0.633
2.961	-0.715
2.962	-0.670
2.963	-0.686
2.964	-0.873
2.965	-0.739
2.966	-0.721
2.967	-0.820
2.968	-1.014
2.969	-0.931
2.970	-0.958
2.971	-1.092
2.972	-0.862
2.973	-1.065
2.974	-0.928
2.975	-0.928
2.976	-1.080
2.977	-0.987
2.978	-0.902
2.979	-1.029
2.980	-0.830
2.981	-0.920
2.982	-0.871
2.983	-0.966
2.984	-0.722
2.985	-0.790
2.986	-0.711
2.987	-0.775
2.988	-0.665
2.989	-0.629
2.990	-0.659
2.991	-0.436
2.992	-0.425
2.993	-0.358
2.994	-0.350
2.995	-0.230
2.996	-0.236
2.997	-0.171
2.998	-0.115
2.999	-0.034
3.000	-0.110
3.001	-0.059
3.002	0.156
3.003	0.072
3.004	0.179
3.005	0.285
3.006	0.450
3.007	0.399
3.008	0.588
3.009	0.573
3.010	0.625
3.011	0.740
3.012	0.606
3.013	0.675
3.014	0.658
3.015	0.727
3.016	0.935
3.017	0.949
3.018	0.902
3.019	0.915
3.020	0.907
3.021	1.019
3.022	0.943
3.023	0.880
3.024	0.991
3.025	1.104
3.026	1.089
3.027	0.873
3.028	0.977
3.029	0.946
3.030	0.986
3.031	0.939
3.032	0.885
3.033	0.816
3.034	0.864
3.035	0.845
3.036	0.811
3.037	0.706
3.038	0.568
3.039	0.660
3.040	0.476
3.041	0.582
3.042	0.482
3.043	0.361
3.044	0.486
3.045	0.322
3.046	0.227
3.047	0.271
3.048	0.085
3.049	0.163
3.050	-0.056
3.051	-0.022
3.052	-0.099
3.053	-0.157
3.054	-0.195
3.055	-0.414
3.056	-0.360
3.057	-0.406
3.058	-0.581
3.059	-0.657
3.060	-0.466
3.061	-0.578
3.062	-0.672
3.063	-0.751
3.064	-0.646
3.065	-0.902
3.066	-0.956
3.067	-0.836
3.068	-0.896
3.069	-1.032
3.070	-1.013
3.071	-0.946
3.072	-0.914
3.073	-0.929
3.074	-0.915
3.075	-0.939
3.076	-1.047
3.077	-1.056
3.078	-0.962
3.079	-0.933
3.080	-1.039
3.081	-0.840
3.082	-0.953
3.083	-0.813
3.084	-0.850
3.085	-0.929
3.086	-0.688
3.087	-0.851
3.088	-0.659
3.089	-0.530
3.090	-0.706
3.091	-0.513
3.092	-0.439
3.093	-0.407
3.094	-0.493
3.095	-0.266
3.096	-0.197
3.097	-0.299
3.098	-0.167
3.099	-0.128
3.100	-0.089
3.101	0.084
3.102	0.208
3.103	0.292
3.104	0.208
3.105	0.349
3.106	0.409
3.107	0.461
3.108	0.583
3.109	0.472
3.110	0.534
3.111	0.525
3.112	0.585
3.113	0.752
3.114	0.846
3.115	0.829
3.116	0.872
3.117	0.909
3.118	0.928
3.119	0.858
3.120	0.967
3.121	0.998
3.122	1.059
3.123	0.926
3.124	0.921
3.125	1.076
3.126	1.099
3.127	1.092
3.128	1.072
3.129	0.903
3.130	0.861
3.131	0.806
3.132	0.986
3.133	0.994
3.134	0.950
3.135	0.725
3.136	0.803
3.137	0.750
3.138	0.761
3.139	0.646
3.140	0.670
3.141	0.433
3.142	0.503
3.143	0.533
3.144	0.413
3.145	0.281
3.146	0.251
3.147	0.135
3.148	0.005
3.149	-0.037
3.150	0.001
3.151	-0.042
3.152	-0.071
3.153	-0.235
3.154	-0.170
3.155	-0.206
3.156	-0.464
3.157	-0.370
3.158	-0.404
3.159	-0.417
3.160	-0.472
3.161	-0.525
3.162	-0.565
3.163	-0.657
3.164	-0.666
3.165	-0.709
3.166	-0.732
3.167	-0.864
3.168	-0.908
3.169	-0.866
3.170	-1.056
3.171	-1.015
3.172	-0.896
3.173	-0.951
3.174	-1.061
3.175	-0.995
3.176	-1.110
3.177	-0.928
3.178	-0.904
3.179	-1.076
3.180	-0.861
3.181	-0.976
3.182	-0.867
3.183	-0.857
3.184	-0.813
3.185	-0.817
3.186	-0.773
3.187	-0.668
3.188	-0.762
3.189	-0.687
3.190	-0.533
3.191	-0.623
3.192	-0.543
3.193	-0.376
3.194	-0.258
3.195	-0.391
3.196	-0.224
3.197	-0.090
3.198	-0.070
3.199	-0.166
3.200	0.037
3.201	0.139
3.202	0.101
3.203	0.185
3.204	0.241
3.205	0.346
3.206	0.246
3.207	0.431
3.208	0.458
3.209	0.617
3.210	0.611
3.211	0.578
3.212	0.595
3.213	0.665
3.214	0.856
3.215	0.876
3.216	0.898
3.217	0.834
3.218	0.907
3.219	1.031
3.220	0.985
3.221	0.900
3.222	0.872
3.223	1.089
3.224	1.104
3.225	1.125
3.226	0.888
3.227	0.998
3.228	1.080
3.229	1.039
3.230	0.978
3.231	0.939
3.232	0.926
3.233	0.754
3.234	0.726
3.235	0.698
3.236	0.810
3.237	0.613
3.238	0.704
3.239	0.528
3.240	0.678
3.241	0.454
3.242	0.439
3.243	0.551
3.244	0.347
3.245	0.226
3.246	0.315
3.247	0.095
3.248	0.126
3.249	0.006
3.250	-0.115
3.251	-0.154
3.252	-0.125
3.253	-0.288
3.254	-0.368
3.255	-0.328
3.256	-0.469
3.257	-0.530
3.258	-0.370
3.259	-0.414
3.260	-0.496
3.261	-0.623
3.262	-0.679
3.263	-0.741
3.264	-0.754
3.265	-0.797
3.266	-0.842
3.267	-0.945
3.268	-0.883
3.269	-1.033
3.270	-1.004
3.271	-0.982
3.272	-1.043
3.273	-0.963
3.274	-1.012
3.275	-0.956
3.276	-0.926
3.277	-1.064
3.278	-0.906
3.279	-1.022
3.280	-0.955
3.281	-0.844
3.282	-0.924
3.283	-0.755
3.284	-0.734
3.285	-0.822
3.286	-0.793
3.287	-0.844
3.288	-0.677
3.289	-0.673
3.290	-0.706
3.291	-0.561
3.292	-0.378
3.293	-0.413
3.294	-0.280
3.295	-0.313
3.296	-0.349
3.297	-0.222
3.298	-0.073
3.299	-0.016
3.300	-0.013
3.301	-0.062
3.302	0.033
3.303	0.239
3.304	0.278
3.305	0.328
3.306	0.338
3.307	0.402
3.308	0.553
3.309	0.458
3.310	0.636
3.311	0.580
3.312	0.567
3.313	0.633
3.314	0.710
3.315	0.928
3.316	0.860
3.317	0.919
3.318	0.783
3.319	0.828
3.320	0.833
3.321	0.854
3.322	0.980
3.323	1.104
3.324	1.021
3.325	0.961
3.326	0.981
3.327	1.040
3.328	1.033
3.329	0.879
3.330	0.920
3.331	0.842
3.332	0.816
3.333	0.878
3.334	0.933
3.335	0.874
3.336	0.666
3.337	0.663
3.338	0.601
3.339	0.730
3.340	0.569
3.341	0.626
3.342	0.392
3.343	0.415
3.344	0.487
3.345	0.284
3.346	0.231
3.347	0.197
3.348	0.018
3.349	0.048
3.350	0.033
3.351	-0.163
3.352	-0.130
3.353	-0.282
3.354	-0.363
3.355	-0.416
3.356	-0.377
3.357	-0.432
3.358	-0.416
3.359	-0.619
3.360	-0.559
3.361	-0.728
3.362	-0.730
3.363	-0.664
3.364	-0.734
3.365	-0.891
3.366	-0.839
3.367	-0.819
3.368	-0.927
3.369	-0.883
3.370	-0.927
3.371	-0.885
3.372	-0.971
3.373	-0.933
3.374	-1.051
3.375	-0.995
3.376	-1.089
3.377	-0.938
3.378	-1.093
3.379	-1.042
3.380	-1.036
3.381	-0.882
3.382	-0.954
3.383	-0.840
3.384	-0.766
3.385	-0.847
3.386	-0.716
3.387	-0.785
3.388	-0.604
3.389	-0.642
3.390	-0.602
3.391	-0.551
3.392	-0.452
3.393	-0.361
3.394	-0.444
3.395	-0.368
3.396	-0.140
3.397	-0.133
3.398	-0.002
3.399	-0.102
3.400	-0.024
3.401	0.085
3.402	0.044
3.403	0.300
3.404	0.205
3.405	0.300
3.406	0.361
3.407	0.417
3.408	0.402
3.409	0.544
3.410	0.630
3.411	0.598
3.412	0.615
3.413	0.848
3.414	0.892
3.415	0.692
3.416	0.800
3.417	0.927
3.418	0.857
3.419	0.841
3.420	0.872
3.421	1.031
3.422	1.003
3.423	1.068
3.424	1.001
3.425	1.070
3.426	0.890
3.427	0.978
3.428	0.981
3.429	0.859
3.430	1.023
3.431	1.030
3.432	0.943
3.433	0.992
3.434	0.932
3.435	0.929
3.436	0.753
3.437	0.685
3.438	0.670
3.439	0.665
3.440	0.676
3.441	0.439
3.442	0.595
3.443	0.319
3.444	0.265
3.445	0.418
3.446	0.150
3.447	0.165
3.448	0.160
3.449	0.041
3.450	0.013
3.451	0.018
3.452	-0.209
3.453	-0.278
3.454	-0.217
3.455	-0.265
3.456	-0.264
3.457	-0.377
3.458	-0.577
3.459	-0.558
3.460	-0.523
3.461	-0.535
3.462	-0.732
3.463	-0.751
3.464	-0.678
3.465	-0.894
3.466	-0.872
3.467	-0.926
3.468	-0.909
3.469	-0.847
3.470	-0.849
3.471	-1.009
3.472	-0.871
3.473	-0.902
3.474	-1.020
3.475	-1.116
3.476	-0.923
3.477	-0.987
3.478	-0.996
3.479	-0.983
3.480	-0.842
3.481	-0.805
3.482	-0.964
3.483	-0.976
3.484	-0.936
3.485	-0.711
3.486	-0.701
3.487	-0.842
3.488	-0.662
3.489	-0.538
3.490	-0.598
3.491	-0.574
3.492	-0.405
3.493	-0.358
3.494	-0.303
3.495	-0.265
3.496	-0.141
3.497	-0.275
3.498	-0.006
3.499	-0.084
3.500	0.120
3.501	0.159
3.502	0.189
3.503	0.294
3.504	0.311
3.505	0.226
3.506	0.484
3.507	0.438
3.508	0.529
3.509	0.512
3.510	0.710
3.511	0.668
3.512	0.660
3.513	0.667
3.514	0.826
3.515	0.818
3.516	0.756
3.517	0.876
3.518	0.926
3.519	0.988
3.520	0.925
3.521	0.854
3.522	0.878
3.523	0.918
3.524	1.076
3.525	1.085
3.526	1.093
3.527	1.053
3.528	1.105
3.529	1.057
3.530	0.866
3.531	1.047
3.532	0.965
3.533	0.980
3.534	0.944
3.535	0.806
3.536	0.667
3.537	0.819
3.538	0.569
3.539	0.706
3.540	0.529
3.541	0.417
3.542	0.456
3.543	0.468
3.544	0.313
3.545	0.215
3.546	0.175
3.547	0.168
3.548	0.156
3.549	0.136
3.550	-0.086
3.551	-0.183
3.552	-0.042
3.553	-0.252
3.554	-0.319
3.555	-0.272
3.556	-0.473
3.557	-0.526
3.558	-0.509
3.559	-0.644
3.560	-0.474
3.561	-0.624
3.562	-0.800
3.563	-0.680
3.564	-0.778
3.565	-0.699
3.566	-0.923
3.567	-0.863
3.568	-0.830
3.569	-0.999
3.570	-0.994
3.571	-1.077
3.572	-1.045
3.573	-0.935
3.574	-0.939
3.575	-0.993
3.576	-0.910
3.577	-0.882
3.578	-0.870
3.579	-0.975
3.580	-0.893
3.581	-1.028
3.582	-0.907
3.583	-0.859
3.584	-0.882
3.585	-0.756
3.586	-0.842
3.587	-0.747
3.588	-0.607
3.589	-0.611
3.590	-0.588
3.591	-0.469
3.592	-0.567
3.593	-0.416
3.594	-0.378
3.595	-0.277
3.596	-0.255
3.597	-0.151
3.598	-0.205
3.599	-0.119
3.600	0.092
3.601	0.066
3.602	0.086
3.603	0.092
3.604	0.184
3.605	0.203
3.606	0.404
3.607	0.324
3.608	0.362
3.609	0.559
3.610	0.604
3.611	0.701
3.612	0.735
3.613	0.618
3.614	0.725
3.615	0.697
3.616	0.911
3.617	0.885
3.618	0.900
3.619	0.950
3.620	0.861
3.621	1.088
3.622	0.944
3.623	0.942
3.624	1.002
3.625	1.077
3.626	1.104
3.627	1.115
3.628	0.971
3.629	0.870
3.630	0.893
3.631	0.885
3.632	0.935
3.633	0.903
3.634	0.829
3.635	0.899
3.636	0.817
3.637	0.624
3.638	0.797
3.639	0.689
3.640	0.632
3.641	0.540
3.642	0.471
3.643	0.396
3.644	0.386
3.645	0.378
3.646	0.231
3.647	0.147
3.648	0.078
3.649	0.166
3.650	0.105
3.651	-0.075
3.652	-0.028
3.653	-0.246
3.654	-0.186
3.655	-0.333
3.656	-0.475
3.657	-0.382
3.658	-0.508
3.659	-0.530
3.660	-0.517
3.661	-0.596
3.662	-0.598
3.663	-0.753
3.664	-0.827
3.665	-0.863
3.666	-0.904
3.667	-0.762
3.668	-0.938
3.669	-1.001
3.670	-0.910
3.671	-1.083
3.672	-0.925
3.673	-1.087
3.674	-1.018
3.675	-1.050
3.676	-0.899
3.677	-0.904
3.678	-0.947
3.679	-1.042
3.680	-0.885
3.681	-0.915
3.682	-0.865
3.683	-0.838
3.684	-0.763
3.685	-0.832
3.686	-0.881
3.687	-0.630
3.688	-0.789
3.689	-0.649
3.690	-0.607
3.691	-0.444
3.692	-0.577
3.693	-0.484
3.694	-0.426
3.695	-0.336
3.696	-0.235
3.697	-0.180
3.698	-0.163
3.699	0.042
3.700	0.061
3.701	-0.059
3.702	0.241
3.703	0.181
3.704	0.157
3.705	0.280
3.706	0.437
3.707	0.308
3.708	0.416
3.709	0.515
3.710	0.522
3.711	0.762
3.712	0.804
3.713	0.828
3.714	0.808
3.715	0.885
3.716	0.796
3.717	0.928
3.718	0.954
3.719	0.902
3.720	0.867
3.721	0.874
3.722	0.922
3.723	0.938
3.724	0.970
3.725	1.006
3.726	1.041
3.727	1.102
3.728	0.871
3.729	0.849
3.730	1.041
3.731	1.005
3.732	0.789
3.733	0.957
3.734	0.788
3.735	0.726
3.736	0.697
3.737	0.617
3.738	0.609
3.739	0.623
3.740	0.580
3.741	0.520
3.742	0.467
3.743	0.412
3.744	0.327
3.745	0.207
3.746	0.186
3.747	0.223
3.748	0.200
3.749	0.174
