0.727829
0.312240
0.955512
0.100677
0.719936
0.803294
0.338330
0.058280
0.620279
0.224728
0.033683
0.907395
0.872246
0.301446
0.754961
0.701843
0.078416
0.854825
0.721386
0.389658
0.256963
0.848198
0.680914
0.176222
0.459304
0.185426
0.447614
0.519935
0.466359
0.077102
0.814757
0.194188
0.389343
0.770269
0.294865
0.109278
0.573563
0.633195
0.167558
0.193842
0.857923
0.201241
0.101237
0.730169
0.502687
0.856199
0.432012
0.581104
0.711024
0.153399
0.970761
0.967987
0.001597
0.651676
0.144209
0.460900
0.837101
0.591823
0.980835
0.303460
0.668925
0.795592
0.497649
0.058267
0.565861
0.792514
0.167545
0.139424
0.425709
0.335104
0.333266
0.283632
0.536345
0.434503
0.013801
0.039032
0.290702
0.445813
0.620136
0.001726
0.599212
0.590897
0.969713
0.600809
0.242573
0.113922
0.061709
0.079674
0.705744
0.042544
0.383134
0.374669
0.838136
0.880782
0.432936
0.403997
0.673296
0.600482
0.543421
0.099005
